212 2320.070549628906 2831.7204330989584 92.71486289062523 126.24998712144831
212 2364.049054902344 2894.859652251657 0.9863181445311966 2.5520951705075277
212 2365.934807441406 2894.8844695575813 1.0059076171878587 2.5520833330435075
212 2365.987560546875 2768.5706536721377 1.0155668164061353 2.6823182291936973
212 2366.929972871094 2894.8844695575813 0.9862503906247184 2.5520833330435075
212 2367.907453339844 2767.937854973958 1.044950957031233 3.867095573206219
212 2367.9162232617186 2896.2073855849903 0.9863181640625953 2.6172007812498728
212 2368.888898652344 2897.476826067998 0.9375390625000364 2.578190766992217
212 2369.8410279492186 2767.944365390625 1.00590759765646 3.8801433714482605
212 2369.870334785156 2898.0876078388314 0.9668554687500546 1.3802083330435078
212 2370.845979316406 2897.4964349221377 0.9862591796877496 2.5651312497369267
212 2370.8664185742186 2767.9456802343752 0.9863771484374411 3.9322916669564925
212 2416.789318359375 2897.4234672138314 90.82031330078098 2.630181770543762
212 2372.310823066406 2767.9248469010417 0.08789023437520882 3.8931244794560675
212 2461.647668183594 2767.9118260677083 1.0058988281248276 3.867083854456117
212 2463.132072265625 2768.518492734665 1.8848050976562263 2.6302602982420162
212 2463.620315253906 2896.83234730374 0.9472748046878223 1.367239062500327
212 2464.586173828125 2897.4625031513315 0.9667877148435764 2.5520833330435075
212 2465.064709785156 2767.8857067971644 1.9042765429690007 3.8671742187501272
212 2465.592082246094 2897.4833751683236 1.005772070312105 2.5651312500000736
212 2466.535412910156 2767.937854973958 1.0156345703126135 3.867095573206219
212 2468.4875609570313 2896.1605112242482 2.988262109374773 5.104088020543713
212 2467.526583984375 2768.57709964749 1.0058988476562263 2.6172007812498728
212 2468.0090748242187 2771.2007980849903 1.8749513671873501 2.5782027223012847
212 2469.439690253906 2831.0250945575813 0.9863181640625953 119.83074140624983
212 2469.494396484375 2893.5563578385413 0.9961041210935946 2.525975781250357
212 2514.400607421875 2831.0693000260417 88.85741271484358 119.79164102769876
212 2559.797101777344 2833.6161493871004 2.0117386718748094 122.4349730350641
