212 1050.0549633007813 3609.7443308366496 2042.9003120898437 6.515445536594971
212 2072.5012232617187 3603.2677674574434 1.9531146289064054 6.531588667713867
212 2074.4739185742187 3764.556293068432 1.9530468749999272 4.927065797439192
212 2075.465080878906 3524.6536352030344 1.9433199218751724 153.9383291766784
212 2077.9162623242187 3767.8317870781234 0.9863181640625953 4.927163692106714
212 2170.6603734570313 3446.0960656761786 2.88085896484381 9.627196432740353
212 2170.6515943554687 3771.0894854526614 1.00590759765646 4.797454941620812
212 2175.510031464844 3847.23060311707 1.0156345507812148 150.72923938739092
212 2268.3322289257812 3848.901543645401 0.9765824218748094 150.66455380719555
212 2269.279523652344 3442.8545914428087 2.8516015625000364 9.627210873597251
212 2273.2248265820313 3924.193197442792 0.9765824218748094 3.2902269141651943
212 2366.940647285156 3925.0441525450447 1.0059076171878587 4.732642147471189
212 2369.8654515820313 3440.4492750814784 2.8516015625000364 8.11998313932032
212 2416.720002753906 3925.8464381316076 88.90620058593777 3.2577155478618667
212 2466.558811347656 4094.4040235352386 2.9394327929690007 3.2577154019944117
212 2466.0754615429687 3925.8464381316076 1.894481816406369 3.2577155478618667
212 2468.5315258007813 4095.206178318125 0.9472070312499454 1.5883797390433254
212 2469.484621308594 4093.569291133375 0.9375390625000364 1.6207935039559305
212 2515.382072265625 3440.4088377962275 90.76168048828094 8.201036956255601
212 2560.2648951367187 3925.8301823747856 0.9960451171873501 3.257715402009506
212 2563.7082250195313 4093.592030018221 0.06835976562479118 1.6368387375054112
212 2565.2218873242186 3925.81246794699 0.9863771484374411 3.29001653969146
212 2565.666213691406 4093.5838778432612 0.0781632617190553 1.6530946401797681
212 2566.6370045117187 4095.220797449323 0.06830078124994543 1.5234691960943902
212 2567.164347871094 4093.6081236990153 0.9472070312499454 1.6045376012815733
212 2612.052961152344 4095.214266165774 88.82816406250004 1.5397249529012924
212 2656.983635566406 4093.6244131690323 0.9179583984378041 1.5720406758351435
212 2657.4484398632812 4095.2548668189343 0.02937539062486394 1.5559807082500785
212 2658.415236328125 4093.6340556277023 0.02937541015626266 1.6531923888817224
212 2658.942619941406 3924.2807813943155 1.0059076171878587 3.209060615867473
212 2659.8996117382812 3443.6811544962916 2.861396289062668 8.233323505755084
212 2659.415315253906 4094.402419329469 0.07809550781257713 3.095607622285831
212 2664.767776191406 3849.679436178626 0.9766501953126863 149.20586823027526
212 2757.531515839844 3847.2321755612347 0.9961041015621959 150.76175090100546
212 2758.0725414257813 3521.460684149501 1.9823632812499454 153.97081151385785
212 2761.974807441406 3771.063618997232 1.9140625 4.846011834651552
212 2852.7560570507812 3527.125255303504 1.9336519335938647 152.39868753162142
212 2853.7366039257813 3767.758933588756 1.9042677734373683 4.878494171830984
212 2856.661408203125 3606.533699068529 1.9921492382809447 6.547746674165226
