212 11.427931640625 3112.4176026709265 22.461006180900903 7.320630013132754
212 27.087131270793773 3252.9315993049386 2.86139639251914 4.421669247451799
212 1049.0695341056862 3256.599154935905 2042.91996064456 2.972195320614064
212 2123.746300907502 3258.0778957880566 88.8574127890729 2.9137472957829464
212 2168.6926390881763 3255.836445870076 0.9960452128125326 4.348359436296488
212 2169.1955978791016 3185.574234733913 1.9823634707345263 136.23721829715961
212 2171.6028245392795 3110.916957864221 2.9687406260254647 7.364494727701522
212 2174.5529511955883 3258.0706624073237 0.9961041971873783 2.840424307481567
212 2221.422131467991 3256.5977924176027 88.89646493849568 2.972093710073135
212 2267.833293094983 3255.808540159887 1.9139948232618735 4.348549478901427
212 2268.3117793196025 3259.54211131078 0.9569929736426275 2.8843642795904327
212 2271.2756080314675 3258.0691110149965 0.9667965781436578 2.8989739429422463
212 2272.7121798068774 3259.534821120429 0.06835977051787268 2.840424308901732
212 2273.7180395773953 3183.378041464557 1.943379005888346 137.5842023527817
212 2319.10378186258 3256.628436341467 88.88673798536229 2.9722705769119444
212 2364.0198167229423 3261.679681446899 0.9472070360448015 1.3909373367648425
212 2364.0246995354423 3259.505464458569 0.9570018514746153 2.8404243075838354
212 2366.955275706291 3261.672331518701 0.9375390664158658 1.4641587144359782
212 2367.892814772707 3259.5626395684526 0.9375391543067053 2.898872332414271
212 2368.8537914270137 3258.0486855377494 0.9863181709088167 2.942913915064748
212 2369.3811252229225 3261.70751424198 0.06830087305661436 1.5080235621961458
212 2370.3439967971503 3252.909593741263 1.9140625985551196 4.407085938418712
212 2370.8371895764576 3260.9608963781293 0.947266109287284 2.854919184450644
212 2371.8039474836055 3261.7221411833557 0.9277443388677966 1.478755332387051
212 2371.851848462122 3259.4688767558596 0.9862592734475584 2.8843774568524054
212 2416.7795430881174 3261.672389498217 88.84768574708005 1.4934269429142226
212 2462.676984984631 3260.222858896372 0.9570017627052039 1.5227083484771748
212 2463.1213500246704 3261.7089640237655 0.06830078516577487 1.4495754041879454
212 2463.5998656496704 3255.0764464542494 1.025361620136664 2.9722838858558385
212 2464.610627370374 1575.0457287323757 2.9882033222165774 3070.1756651538512
212 2464.600871411409 3261.6856407441182 0.9374123076263459 1.4640702797361755
212 2465.079338796184 3260.200896963722 0.07809560147461525 1.4788436325775571
212 2467.0520235549043 3256.5552890501203 1.8944730547068502 2.913645685242017
212 2467.491496213108 3260.26676724198 0.9569929726658302 1.4935285534565153
212 2468.9905101789573 3261.672389498217 0.08782246583041342 1.4934269429142226
212 2514.35765862135 3258.0765332697542 88.86720751662097 2.913544074701088
212 2514.3674533488893 3261.6489634367235 88.86720751564417 1.449473794963549
212 2559.3429716106366 3259.4834732419367 0.9668643514751238 2.884377456866041
212 2560.290305009074 3113.853898134996 2.8613287059870345 7.232913759912025
212 2560.792267801965 3260.2082176079384 0.07809559961924606 1.4935285534565153
212 2561.7795239513894 3260.2946597763143 0.058632815439523256 1.493338508139423
212 2562.7658321574536 3184.0866947616446 1.9141215820600337 136.22253324450872
212 2563.1946217004315 3260.274118340063 0.9570017627052039 1.4788568111567446
212 2563.7375418244656 3260.9608384000335 0.048846966806650016 2.8257393880227735
212 2565.1780098869845 3253.656255236139 1.0156346660351119 3.030820344055227
212 2566.1877851780196 3255.1349960896077 1.0057721669140847 2.9722838858565206
212 2613.0139280490353 3258.7734000325513 90.84957089848604 4.48030718309003
212 2709.2453443625413 3258.077923896372 91.74806660258764 5.871244519854873
212 2755.6125312766526 3255.0764464542494 1.0058989257031499 2.9722838858558385
212 2757.0715552023557 3252.8875738291104 1.91400361232445 4.3338645607475765
212 2759.000275805891 3183.3487732360654 1.9823633828418679 137.58420235146448
212 2761.5011836145145 3110.8510427836195 2.9394832030757243 7.320629880030668
212 2856.7053250197873 36.949096079461384 5.830078033183781 11.669077751039524
