212 1050.4992605664063 3259.518729615362 2051.738241386719 8.901800578301922
212 1052.0041720898437 3406.6417020925805 2052.792978300781 7.423045229912622
212 2125.719933808594 3329.782228586036 94.77543964843744 140.55631024308917
212 2220.9289672070313 3482.0823309256252 95.64449218749996 149.25329488442222
212 2220.920119941406 3769.079461670956 91.83601562500007 146.38351362815473
212 2317.165256660156 3773.465919212668 96.68951091796907 146.42756852418754
212 2317.5891234570313 3550.881716583107 93.73042968749996 284.09958945828765
212 2320.0461060742186 3334.9286126299894 92.82227478515642 142.0937037978616
212 2415.788283203125 3326.114630495173 92.82226603515619 144.99266485076146
212 2418.678908203125 3768.261014086797 98.60356466796884 145.00734964128867
212 2419.2160279492186 3482.074996663664 97.68555603515642 146.3397505225922
212 2511.486526191406 3328.38398568996 96.67971621093784 146.39818550516765
212 2516.3781763867187 3767.5801066182757 96.66012675781258 149.4437042488587
212 2518.791252753906 3326.831936792493 97.6171875 140.57099516538761
212 2611.539319160156 3768.297632400076 93.72064373046896 150.93705621521272
212 2614.962160371094 3330.545040591848 96.66012673828118 147.87704246408492
212 2706.803918183594 3483.5464610941035 96.70902382812483 146.50079004101096
212 2710.201409003906 3331.993078810063 93.79879824218779 141.99121404970734
212 2758.512902558594 3698.0266796826386 4.892597656250018 285.4172922401324
212 2805.4114185742187 3479.871482905158 94.80463806640637 147.9355922343624
212 2857.1740453320313 3768.297632250765 6.884755664062595 144.9341282562372
212 104955.81271759766 3479.1687145273822 204194.2968845703 143.42609136758472
