212 2512.462130859375 3324.621145423561 94.70701212890617 144.96339648897592
212 2269.279494941406 3476.9418195156695 0.9766501953126863 133.26494786679325
212 2273.156466796875 3407.426446444 0.9765824414062081 2.8697058681854064
212 2366.9260084179687 3400.126313506987 1.0156345703126135 2.9135443645680805
212 2463.6144945507813 3544.2931509842197 0.9570017578125771 1.4348906281269203
212 2464.6261937695313 3544.284468990166 0.9668554687500546 1.4787553469691355
212 2467.0276295117187 3259.4966659227703 1.9823632812499454 2.8550210776575193
212 2467.502169921875 3544.3004716284368 0.9570607617188216 1.4495755491081468
212 2469.488557441406 3476.8992856899595 0.9667964843752088 133.23575475989836
212 2559.3127076367186 3409.643122288744 0.9667964843752088 1.449487115739876
212 2559.3127076367186 3476.943224628496 0.9667964843752088 133.1772181654893
212 2562.228742402344 3476.2024195068993 0.9765824218748094 134.5680672065157
212 2567.121340058594 3406.707573395685 0.9765824218748094 1.4933519662510588
212 2656.9650709179687 3408.0706619666803 0.9765911914064418 1.4641588594720836
212 2657.4670631054687 3406.678261530385 1.8651654101563508 1.5226201976719005
212 2659.927951972656 3408.0559770456994 0.9667964843752088 1.4641588594720836
212 2660.870373847656 3406.678261530385 0.9765234374999636 1.5226201976719005
212 2755.592971503906 3544.342960651893 0.9473337890626681 1.4494739384908573
212 2756.5735279492187 3545.02376621851 0.9570017578125771 0.11708623433409267
212 2757.067580878906 3544.3210435201786 0.06842753906266807 1.4348021946563816
212 2757.580294921875 3402.2361083868423 0.9961041210935946 1.5373803762948115
212 2758.580363496094 3545.0164019417457 0.9667876953121777 0.13177115531531905
212 2760.002179902344 3401.496753179008 1.9140625 2.86969269102502
212 2760.9924537304687 3402.294644981277 1.8847460937499818 1.5373934216703264
212 2852.784455078125 3400.8232102785246 1.8944730664061353 1.5519767320206277
212 2853.2971412304687 3401.5464600676746 0.9863181640625953 2.8257396691662873
212 2854.776623847656 17.88023718887262 3.906220507812577 35.16850692136475
212 2854.2639281445313 3476.972507205363 0.9472070312499454 133.2357547613308
212 2855.191643378906 3476.897909995918 0.9667964843752088 133.235666325097
212 2857.144758027344 3476.963722432303 0.9667876953121777 133.22108301750995
