212 2219.479728515625 3624.095464757339 94.69728515625002 140.54181536753958
212 2270.241466796875 3697.307880862712 6.826181855468803 8.696896339736682
212 2269.771760566406 3329.0941184850553 5.869062109375136 139.15078945824192
212 2367.9319164257813 3699.518715706109 6.77734375 7.379193557789045
212 2367.922111328125 3260.2434300501204 4.941435761718822 7.276690632577353
212 2466.550021484375 3260.998832827602 4.951230468750055 5.944391363133345
212 2514.3811351757813 3696.5684657807055 94.71674785156256 10.146383453954126
212 2562.756086152344 3333.4059777792863 5.859385351562196 139.13610453592983
212 2565.173048828125 3619.673840004762 4.951230468750055 140.57108359885882
212 2610.1438013867187 3476.2171045772943 92.78322265625002 140.57089355342652
