212 11.43192599609375 3480.808870598958 22.4510845703125 122.34373619820629
212 22.69746330078125 3415.015967213831 1.9726953124999973 3.854204829492422
212 24.16139904296875 3482.144794817998 2.871064257812499 122.38290326699219
212 1048.0920340039063 2898.7581802343752 2044.8534857421876 5.247292187499625
212 2072.028556640625 2767.275042355823 2.9980568554688034 7.799544531249921
212 2073.0099732617186 3284.200823203415 4.8437595703126135 5.273411458043483
212 2124.249308808594 3093.3948734635414 89.84373085937477 121.13285118394863
212 2171.647658203125 3224.319299505471 2.9785941601562627 122.3567839961858
212 2173.131125214844 1400.0289088804982 3.9160064453121777 2726.614687499973
212 2220.0021898632813 3354.4820348037406 91.77738281250004 122.5
212 2176.065686347656 2892.8857711200817 1.9531146484378041 3.84113359374957
212 2222.443605683594 1398.7386095433233 90.8007916015622 2726.51039114586
212 2268.297131660156 3220.3479979427084 2.9784761718751724 122.35678399644833
212 2268.322463691406 2830.4260442971645 2.8906537109378405 121.10688920449259
212 2271.725812714844 3290.6982976822915 3.9160742187500546 5.299440246448285
212 2271.729777558594 3482.1187531513315 1.9921579882811784 122.33083373574179
212 2364.958205078125 3156.5641829808233 2.9590047070309993 5.208294128551643
212 2367.922092597656 3026.3818131891567 2.9688082031252634 7.7343484375002545
212 2418.199465058594 2895.4781409114585 91.84568359374998 6.497434635706061
212 2417.7170531445313 3286.754183098958 90.78126992187481 5.169283996448333
212 2464.587130859375 2829.7360187763315 4.853545527343613 122.4870188919922
212 2516.3352076367187 3414.3648729429983 92.74417929687525 5.2344015624997455
212 2564.678947265625 3025.678727109375 3.847646699218785 3.958320573206341
212 2659.395784003906 3026.974300026042 3.867177148437804 6.549413683948539
212 2659.9142701367186 15.269794270833332 4.86328125 30.013125547164748
212 2661.877229316406 3156.5589088804713 2.9296970703126135 5.247461197943267
212 2708.756076972656 3092.724235064183 92.72458984374998 122.42191339962119
212 2757.584241035156 3157.9118260679984 6.826122851562559 10.377578124999976
212 2757.5754515820313 3027.6448729427084 4.873075976562632 7.890612121448309
212 2757.545159003906 2959.975628032907 2.9784761718751724 124.92183671875016
212 2810.797130859375 3225.5888445575815 97.58787109374998 130.1041921875003
212 2809.283479316406 2959.2997431370736 92.78316367187517 123.69799438925777
