212 10.456251953125 3623.370721419141 20.517627167968747 141.99130248319014
212 11.925978515625 3471.0779826197554 23.45711017578125 147.86235767487562
212 26.63301017578125 3178.955010725055 3.94533162109375 143.52849268237208
212 26.64676056640625 3332.0076757368406 3.915956230468751 144.89017510392443
212 26.57350802734375 3408.1277337045713 1.9335251757812522 4.304494884363505
212 1050.0500904492187 3476.21700223753 2044.8632716796874 143.41141975554808
212 1050.5343777539063 3257.2785840764614 2043.955116796875 10.307422843351988
212 2076.412375214844 3481.364966367822 3.955058593749982 145.0073365959002
212 2076.4318873242187 3190.7046747002228 3.916015234375209 146.3542453968239
212 2122.3498951367187 3624.0868118935323 91.80664023437521 143.60172737625226
212 2123.2677953320313 3334.2038391248498 91.84568359374998 140.46849224149312
212 2219.4836742382813 3552.366417020794 92.69527343749996 8.828667494949734
212 2220.4504810742187 3329.0428726503987 92.77342792968739 142.0936904875998
212 2220.460236328125 3180.479111162844 92.71479513671875 143.44078959882773
212 2220.939669921875 3474.7090373663427 91.77738281250004 140.60026339680914
212 2317.599865234375 3626.2609994439413 91.81642619140621 141.97651581846364
212 2318.1262328320313 3476.9285684161373 92.73431679687474 141.93275284336806
212 2318.571505859375 3550.8949088247045 91.80669921875005 8.696896339647369
212 2318.634065253906 3329.1087442595785 91.79684550781258 139.06286997644307
212 2370.866408203125 3478.4278953487733 2.9785941601562627 139.01901830169803
212 2416.2512232617187 3403.032638391248 93.71090800781258 11.74221185953145
212 2416.759045722656 3255.887631218584 90.80074138671898 10.190336609004941
212 2463.1506078320313 3257.30053049529 3.91601521484381 10.234188282458687
212 2512.8918578320313 3626.2317458656407 91.79684550781258 144.93402664428973
212 2513.918175996094 3326.151189203869 89.92195312500007 141.93256266616382
212 2515.8654906445313 3332.0310433809836 91.84568359374998 142.0058857936175
212 2562.242414277344 3478.3913209681737 4.833964843749982 145.065797669151
212 2564.191613496094 3404.4249675392125 2.8906449218748094 11.654508778814494
212 2610.612580078125 3405.2302237514245 91.7675881054688 10.30752445398223
212 2613.488518378906 3618.9111162932095 91.77738281250004 144.9925764158578
212 2658.926994941406 3330.5157425011603 4.804648437499964 145.06588623571068
212 2660.9094654492187 3110.9241915377347 4.863222265625154 13.118579070306742
212 2662.8439771679687 3625.581555533327 3.0078515625000364 143.51401111565116
212 2709.229748046875 3621.8540001760207 91.75779337890617 145.02193295032177
212 2710.6808617382812 3257.3531657748354 90.86916015625002 10.190425041068268
212 2757.092053535156 3479.1014379608228 2.0117474609378405 143.44058637622345
212 2759.508019746094 3479.14531863141 4.814443144531197 146.45673514497815
212 2759.050061347656 3331.9797988714668 3.857441406250018 141.9034844802646
212 2807.370334785156 3404.5274848100617 90.88869060546904 11.71304524014738
212 2855.201447265625 3476.963766654836 2.900312910156117 142.09370366477245
212 2857.184826171875 3618.9915408891106 4.853545527343613 141.99120087254695
212 2857.6672484570313 3184.0661962229033 3.9257421874999636 142.00597409524042
212 104954.84593986328 3624.8056546445428 204192.44145488282 141.9033828683158
212 207051.97970939454 3698.0193448334294 1.962900585931493 7.423133532942776
212 207051.98855664063 3617.468890807076 1.9433111523394473 144.91944320348472
