212 2833.6682720433237 2368.4055396679687 122.33076704550756 3.857441406250018
212 2896.819351588831 2318.6349828320313 3.9713683711858416 91.79690449218742
212 2898.107112005471 2418.210178535156 3.788985416693322 91.74806640625002
212 3026.3700940364583 2270.7736841992187 5.130274218749643 3.8867578125000364
212 3026.3896517308235 2465.583244140625 2.5651429687501754 2.9590047070309993
212 3156.5784278909146 2465.588136933594 2.7083587357422707 2.871123242187423
212 3160.4769045954067 2271.7102271679687 5.195234375000534 3.94526386718735
212 3284.1565130471645 2464.1134984570313 2.630248579492521 2.0117386718748094
212 3290.699573203125 2364.982639472656 5.143255090198484 2.98832988281265
212 3292.66566683499 2370.8459789257813 1.3672273437496187 2.880791210937332
