212 14.382033203125 3700.9315403049673 28.369170527343748 294.24595973783244
212 1035.383009765625 3326.072038982727 2070.371172675781 434.8610096648465
212 2124.753185546875 3483.495216146826 102.490254707031 439.1655046837193
212 2124.791291816406 3775.6328003313065 102.54876953124995 144.846310253221
212 2126.203342597656 1627.0017598828697 99.64845664062523 3253.4115231687592
212 2318.5998951367187 3627.0003555303842 103.56440410156256 442.1083304567786
212 2318.586155097656 1722.148276470355 101.6015625 3367.5110093631624
212 2467.520783203125 1628.4512474377746 190.46871093749996 3256.3104842228877
212 2511.9650414257812 3478.378055972536 101.60162148437485 437.862372033735
212 2512.468019746094 3774.8334448393452 102.5293068359374 146.44215183595801
212 2660.876193359375 1719.9797991555372 190.40041015625002 3371.756954609034
212 2661.8820631054687 3699.445523900735 190.4199318359374 297.2180669180528
212 2808.820558808594 1627.7191830161055 101.5625103515622 3254.846325363416
212 104905.02564648437 3476.8847031101345 204291.94332072267 426.0615087906744
212 104905.97871330078 3772.6972219916283 204290.05864238282 150.71746692379205
