212 22.712130859375 2763.3088965225165 3.837910957031248 2.630181770806909
212 22.68769767578125 0.3153671875 1.9531736328124971 0.10428466174808097
212 24.17605705078125 3021.7997431370736 2.9394240234374998 1.3541795455075771
212 24.64571505859375 2893.569378671875 3.837919707031247 2.552004687500206
212 24.20142853515625 3026.4221640888313 2.9101753906249996 2.6042196732420657
212 26.10566681640625 2900.7710967829066 4.824296875000002 1.302110014257778
212 25.17210177734375 1399.3700689183233 1.0058398437499996 2725.2213408854163
212 25.14773712890625 2766.656604973958 0.9179583984374986 1.3021097776988124
212 25.63699494140625 2832.37790745999 1.8945408203124998 119.75256444131446
212 26.15359650390625 3027.7177635677085 2.9296380859375013 2.591171875000024
212 27.06276583984375 32.21515888047138 2.9101666015625014 3.8020449336854227
212 26.59396759765625 2769.228180234375 1.9141302734375003 3.89328165269823
212 27.091056640625 2892.924820859665 1.0546779492187532 3.8671742187501272
212 1048.565666015625 36.09664377633141 2044.0038871289062 1.2500520830435846
212 27.58427013671875 2898.784183099248 2.001884960937499 2.5650524857422474
212 1049.074435546875 3221.6956157933237 2043.0078420117188 119.79173162855113
212 1049.5373465039063 3290.660445859665 2043.9160056640624 5.16928411429338
212 1049.5422584179687 3155.8935320575815 2043.9062109375 1.3411196732419437
212 1049.5676095898436 3024.4039747656248 2043.8965429687503 1.3541793089486116
212 1050.0354324414063 3353.1929978245735 2043.0370994140624 122.36984375000004
212 1050.5090549023437 3091.4677242450816 2043.9062109375002 119.67454453124992
212 1051.0178248242187 3416.292022043324 2044.84375 3.9323034775097767
212 2071.0413013867187 3030.926058501657 0.9862591601563508 1.4062490767579827
212 2072.0178638867187 3420.2437791929983 2.9394240234373683 4.023528266992192
212 2072.975812714844 3350.5562668349903 1.025420507812214 122.38290350355116
212 2074.420177734375 3158.570602109665 3.8964257812499454 1.3021098955432535
212 2075.9201490429687 3283.569352630498 2.94921875 1.276002343750103
212 2078.390841796875 3290.0420338541667 1.9141215039062445 3.8802221617479518
212 2122.834201171875 3222.989872422138 90.8007916210936 119.70049479169332
212 2078.849836152344 3352.5602630471644 0.9765824218748094 121.05466250000002
212 2123.3175904492186 3418.2450939183236 89.83400390625002 5.182343750000048
212 2124.743371308594 3483.426084140625 90.75195351562479 122.3957940107066
212 2172.110608222656 3290.6722166927084 2.0116796874999636 2.6952992187501272
212 2173.096916816406 3352.5602630471644 1.9726363281251906 121.05466250000002
212 2173.604748046875 3222.9847034114587 2.8905859374999636 119.89584713570609
212 2221.427023652344 3412.4247560159147 90.78121093749996 1.3021216145565024
212 2269.298136933594 3415.686462005208 0.9570017382811784 2.669348840198533
212 2271.2423851757812 3285.4834534114584 2.9688081835938647 2.4999350381416057
212 2271.7394654492186 3288.0810442971647 3.8671771289064054 0.11717514199214445
212 2274.162306640625 2899.4157455989584 0.9765824414062081 1.3280601562498002
212 2319.103722871094 3418.9729713804977 90.76174824218742 3.9322798294924723
212 2319.083254121094 3030.900055755208 88.84762673828118 1.3280718489586434
212 2365.943635566406 3161.7281280329066 2.9784761718751724 2.591171875000024
212 2366.930871308594 3024.3766698179984 2.978594140624864 1.276002343750103
212 2366.935793183594 3025.704729974248 2.871123242187423 1.276002343750103
212 2367.907482421875 2893.5497560159147 1.0254205273436128 0.11718686074224631
212 2370.8410765820313 2961.8779329808235 2.9296292968747366 118.54167954550819
212 2415.7296898632812 3023.752867213831 90.81058632812483 0.10428451699226571
212 2461.690705878906 3092.143557578125 0.9960538867189825 118.52861979195647
212 2468.537365234375 2765.301148984665 2.9101666210935946 1.4062372392933564
212 2513.931916015625 3092.7880892308235 89.81441447265615 122.39579412855164
212 2514.845901191406 3028.9937659114585 89.84379863281265 2.591171875000024
212 2515.396721503906 2765.288102630498 90.830057792969 1.276002343750103
212 2559.821486328125 34.801070338831416 1.9043267773436128 3.945339583043586
212 2561.3009984570313 2831.6955755208332 2.9101753710938283 118.54166761624037
212 2561.3107640820313 2771.773739869792 2.9297560546874593 1.2500519651985087
212 2562.238479316406 2897.4507844013315 2.94921875 2.526054426793659
212 2562.2336256054687 3023.75165641835 2.91997009765646 2.499935274357995
212 2562.760041816406 3155.8882849221377 2.0018937304689643 1.3541793086854643
212 2564.195510566406 3223.6344817971644 0.9667964843752088 121.17184936074227
212 2565.6808716992186 3031.6109794531253 1.9043355468752452 2.6432296874997214
212 2566.641819160156 3023.127893255471 1.9726363281251906 3.880222135443546
212 2611.0803539257813 3091.4677109375 90.81046833984374 119.80477933498999
212 2611.086173828125 2896.831084140625 90.76174826171882 1.3411197919564681
212 2657.960226777344 3155.268584543324 2.988262109374773 2.512994791693321
212 2658.433850410156 3026.3818909114584 2.0018937304689643 2.5781121214483087
212 2657.9455982617187 2961.9104595433237 1.0058398437499818 118.50268125000002
212 2662.336164277344 3092.7828160537406 0.05863281250003638 119.72661406249972
212 2709.6847679882812 3030.9338571995736 88.87700214843744 1.3151695312499214
212 2710.172130859375 2900.737256418324 89.81441447265615 1.3411316025097524
212 2756.081272285156 3028.295901849248 3.9356046679690735 1.276002343750103
212 2755.114494140625 3221.0315134495736 1.9043267773436128 121.19796875000004
212 2756.080353515625 2898.798506015915 1.9628328320309265 2.591171875000024
212 2758.044142578125 2898.7659401304977 1.98242228515619 0.07816524618586602
212 2758.058830078125 2894.169625689157 1.894532050780981 3.8802339725643833
212 2758.571525390625 2901.3753549742482 2.9199613476562263 2.5650524857422474
212 2759.4894750195313 3025.048466692708 2.9199613281248276 0.0912367187502241
212 2759.5520140820313 3153.297151849248 2.9296292968747366 1.328229048242065
212 2760.973830078125 3155.9143909117483 1.9433789062500182 3.828164204491865
212 2807.388898652344 3031.570680637073 90.7910056445312 2.5129949098015154
212 2808.3322388867186 3024.402711484665 90.83984375 1.3280601562498002
212 2854.229777558594 3028.316760703415 2.9296292968747366 1.419296874999418
212 2857.6770240429687 3155.862243255471 3.8475876953125407 1.302121496185767
212 2858.643820527344 3157.215146001657 3.847587675781142 1.4062373580078809
