212 2071.0373756054687 3554.47476240447 1.03515625 4.406997809678147
212 2072.003205878906 3477.644572072142 2.871064257812577 134.75837495890113
212 2071.563751953125 3405.9696808597687 1.9530468749999272 5.871156800909194
212 2124.264885566406 3476.1950993019504 89.81448222656263 134.81692459880023
212 2169.2101976757813 3407.404469875948 1.9921580078125771 5.871169979399068
212 2169.679905097656 3553.786665480648 2.8516015625000364 3.0014639808632717
212 2175.0216820507812 3554.4981293194915 1.9336519335938647 4.363133090849567
212 2364.9572779492187 3184.138041473328 2.919902343749982 139.10682312876946
212 2367.419143378906 3254.344425512755 2.0215421679690735 7.306060607628938
212 2418.215060546875 3181.905215410281 91.71875 140.46849223875574
212 2468.516858222656 3255.830487158496 2.9101163867189825 7.262107453908973
212 2611.1057349804687 3180.4704132156116 90.82032207031261 140.46849224008662
212 2660.4407054882813 3255.807163877339 1.9530468749999272 7.276602197685968
212 2757.5500904492187 3181.905215410281 2.91010761718735 140.46849223875574
212 2760.0167992382812 3185.5436058920536 1.9629005859374047 139.07755476424586
