212 10.968947285364182 3480.1447942971786 21.445401278368365 126.38020833330604
212 23.233684501242603 3417.620054713818 4.882812499989942 256.53657670451804
212 1049.0452079387137 3355.8415272516827 2044.941406250039 127.61706912880315
212 1050.035442313752 3284.7750026305107 2046.8651455966124 253.89334753783865
212 2075.9250907512137 3157.9117213805107 4.873046875048203 255.1692708333206
212 2076.8909110637333 3286.1356797138055 4.9510830966310095 256.5105350378647
212 2125.2218769729025 3418.284117213845 93.72079190335035 255.3125
212 2218.487590751252 2899.4157460016445 94.70703124997135 256.5363399621868
212 2221.9552754103643 3093.4131418349775 93.76953125001864 139.21863162884014
212 2317.139934501253 3153.9795480850025 96.64062499996089 263.05977746214984
212 2320.5978535353643 3029.617568918336 93.75000000002865 259.0234374999739
212 2465.0754813762137 3219.0328151305107 187.4316406250482 388.0339725378387
212 2465.572551688743 3023.139585963819 186.43545809665966 259.1666666666533
212 2612.027541035393 1528.3102772516443 92.74414060523213 2985.625000000025
212 2661.3888691603634 1529.6123605850025 189.45312500002046 2998.593750000013
212 104907.42890822288 1380.4976588541667 204289.072265625 2760.4687500263312
