212 2123.766838691406 1400.0614620054982 90.88869060546904 2729.075533996159
212 2170.6271607617186 2766.578389088831 4.843818554687459 6.432395833043604
212 2169.224894746094 3153.2958880471647 1.9433111328121413 3.8280739583066556
212 2169.678996308594 2961.9417478245737 2.8514748046873137 121.06764360800783
212 2173.5812623242186 1400.0602630471378 4.853554296875245 2729.12759192711
212 2173.102765839844 3283.5380627867485 1.904326757812214 3.945339464935387
212 2173.580354316406 2831.682632838831 1.0644136718751724 121.04169311074232
212 2267.7942310742187 2764.0446129287398 1.9531146289064054 3.893203124999976
212 2269.7521703320313 3413.0550157933235 2.00195271484381 2.5910816285510614
212 2269.766876953125 2899.409195859665 1.9921492382809447 3.8671742187501272
212 2269.299026191406 3152.6265922135412 1.0157023242190917 2.617212500263122
212 2319.556896484375 36.15392216145833 89.83393615234354 3.8411335937499964
212 2365.440705878906 2768.5693264704064 1.9725773242189462 5.156236316051945
212 2366.451448066406 3419.6044435159147 1.923798242187786 2.6952992187501272
212 2368.3704029492187 3284.8258758075813 1.9725685546873137 3.8411453125002786
212 2466.046164277344 3422.2033880208332 1.9726275390621595 2.6823969010414053
212 2466.5500709179687 32.89871434922138 2.8418068359374047 2.669270312236956
212 2468.521740234375 3286.7790135677083 2.8808502148435764 2.6952992187501272
212 2468.497346503906 2765.294599126657 1.0546189453125407 3.945260937499673
212 2563.7414966992187 1398.7528672138315 1.9335251953125407 2724.0626041666665
212 2564.6554906445313 3418.9417355849905 1.9629005859374047 3.7890874999999746
212 2612.554894746094 2892.9117612239584 89.89256894531218 3.8671742187501272
212 2613.0237037304687 3220.341448605823 90.83004902343737 122.36984375000004
212 2660.9045726757813 3026.336305637073 2.880791210937332 2.6692703125002786
212 2661.402619941406 3353.1864618870736 1.9823632812499454 119.90891860800791
212 2661.4123461132813 2765.9651987242482 1.9433199023437737 2.6822394649352646
212 2755.6018091992187 3284.1422815364585 2.9589544726563872 2.6561988401984613
212 2755.1389576367187 2894.8596380471645 1.9140625 2.630248579492521
212 2759.014894746094 2963.25810199124 1.953105859374773 121.09376287855169
212 2759.971896484375 3092.7750679947917 1.9531058789061717 119.79164102769816
