212 2611.104748847656 3353.593336904458 96.67964843749996 157.92028068735917
212 2174.572482421875 3425.895681901523 4.941435761718822 7.389409587020741
212 2270.744376953125 3501.8897975298855 187.50002951171882 433.6282008834373
212 2270.274679902344 3649.2938827805337 6.796806425781142 135.6637022109602
212 2318.590060546875 3723.815976737776 91.84568359374998 7.271460168187268
212 2368.887971503906 3502.6064926655504 2.9686814453125407 134.2920803849992
212 2416.2512623242187 18.77168436578171 95.66401386718735 36.946902695048564
212 2564.694553535156 3722.3248998883378 3.974648046875245 7.3008417462824315
212 2566.174054902344 3872.0534690638087 2.9687994140622322 5.929233325958515
212 2708.7170336132813 3502.634649447289 92.72458984374998 140.1031859897058
212 2758.0529615429687 33.6020838175111 5.849599414062595 4.395308986740414
212 2759.9728734570313 3647.841007118411 3.8867578125000364 138.6578162182301
212 2808.345979316406 3721.638986317511 90.90814453124995 5.840678759557291
212 2809.347853515625 3204.625800178794 92.79300861328102 140.2211354071093
212 104956.28147677734 3429.5298849900773 204193.3398828125 5.899646898215104
