212 2218.0383031445313 3867.412613435152 97.63670917968739 339.09572155839965
212 2319.561808808594 1873.5152556978474 91.75773437499993 3648.765166777443
212 2369.376213691406 4043.908299353534 1.9921580078125771 10.556540170383194
212 2465.5725513867187 3869.9674482248383 4.970693164062595 333.9825208573392
212 2562.2336156445313 4215.177778831709 0.9473337890626681 1.687077904364661
212 2564.7033617382813 3959.5777776107825 2.00195271484381 165.2696874713444
212 2564.709201171875 4223.045725953414 1.894532050780981 3.547773226138366
212 2658.937737128906 4212.541378134421 0.996112890625227 6.921687646800571
212 2659.937785371094 4213.506595351743 0.9862503906247184 5.165078772174438
212 2664.7727172070313 4214.2804743047 0.9472660156247912 3.4434610417388054
