212 2763.9872942971647 2418.6691529492186 3.802123579492521 92.76370097656263
212 2892.19691683499 2561.755090058594 2.6172007812498728 3.9160742187500546
212 2893.5576067971647 2463.634983222656 2.630248579492521 2.98832988281265
212 2895.5432849218746 2320.075412109375 3.8932933714489386 92.74417052734361
212 3031.5459278909148 2319.0695435742186 2.591171875000024 90.86916015625002
212 3091.4416703385414 2610.548088691406 119.80471250026312 91.79684550781258
212 3158.5120476825814 2468.497355683594 1.3932679687501757 2.9882031249999272
212 3161.1409799742482 2368.854758027344 3.8150259232418953 4.892597656250018
212 3222.950902251657 2416.247287109375 119.72644517050746 89.8535256054688
212 3286.7346640888313 2561.745333984375 2.6042196732420657 3.93559591796884
