212 11.925978515625 3159.8336362239584 23.45711017578125 6.458345975641957
212 12.433791015625 2964.527646001657 24.47268576171875 123.68493472750986
212 23.687755859375 3284.1956418349905 3.9160064648437505 5.234413281249847
212 23.712189453125 3156.565446380498 3.9062117382812502 5.234413281249847
212 1048.614513671875 3346.6682980849905 2047.871055488281 130.18229062499995
212 2072.994347871094 1399.4234532933235 2.8808501953121777 2725.2734774621745
212 2122.7942211132813 3088.8310058975167 96.62101562499993 127.6042453125004
212 2123.273674628906 16.558856770833334 93.73049746093784 32.59115914091475
212 2123.8000609570313 1399.3635963804982 92.79294960937477 2727.8905994791667
212 2170.1486451367186 3224.930041953415 3.8867578125000364 123.71087317679303
212 2220.4904320507812 3349.943089751657 96.69923787109383 126.36709569105126
212 2223.3850513867187 3154.006799505498 98.64249003906252 257.77346458304356
212 2224.406496308594 3226.220406536748 94.72660156250004 126.28907578124988
212 2269.742472871094 3419.5927247659147 3.9160064453121777 2.6693489580435803
212 2317.633987128906 2835.015902251657 97.68555605468782 130.20839829550764
212 2272.243410371094 3353.8232970433237 4.892597656250018 121.10673203124982
212 2366.955354316406 1398.81802386624 188.4375095703126 2739.5833471354167
212 2366.407502753906 3483.4078422138314 3.906220507812577 125.06514296875018
212 2368.390890839844 2898.1083359375 7.792978300781215 4.023516692997873
212 2467.0178443554687 3224.944299505471 5.849540410156351 123.60683619794388
212 2467.4972679882812 3290.699573203125 2.9394917773438465 5.143255090198484
212 2514.874299628906 3353.1722172138047 93.80859294921902 122.4088535274356
212 2563.228791816406 2828.419651849248 188.447245292969 135.37751328124978
212 2563.229690253906 3418.3024638281254 4.931708789062668 7.825494791956468
212 2612.5559203320313 3288.06928714749 97.64650390625002 250.03912798300794
212 2709.2297679882813 3159.8141049739584 91.87494099609376 6.419336198206413
212 2757.0861646679687 3090.7764094013314 3.916015234375209 121.10673203124982
212 2759.479690253906 17.873960937499998 4.892665429687895 35.2214194391568
212 2759.5471312695313 2961.8766829808233 2.919902343749982 121.14582069105138
212 104953.8684103711 2962.5797560156248 204198.18357460937 138.02083321519845
