212 16.256012787723783 2465.074484398713 31.994898111576628 191.33783232221685
212 18.206140664961637 1084.689650390625 35.89517931362266 2168.9844634982546
212 1421.6140690537086 104808.82448468769 2842.7110753452685 204488.25194395217
212 1435.0655660143898 2413.8156959211547 2813.248017902813 295.8300877968263
212 1376.2496321269218 1100.8224829387134 2687.9923530690535 2148.437558975615
212 2909.5412436396955 2268.7902563693387 378.4654086879288 394.4726370136714
212 2903.7356294415 104906.46703371315 129.10479629156 204292.96876992672
212 2908.8890698545297 2611.5695527571024 134.37336329125043 289.150449999961
212 3099.400604509261 104952.86352795431 254.5012274936063 204200.17579131055
212 3039.9964863545943 1037.331251953125 130.44759615179976 2074.267666136018
212 3165.257382130744 2567.619338500198 375.9079157209186 390.6055367148924
212 3161.408251304348 2271.6906762981275 130.4859080642481 195.3320218691215
212 3351.9721263762685 1194.5773954367803 258.3377106138106 2341.7871281200687
212 3356.433827263427 104857.66330353932 246.8286052509491 204386.7285642539
212 3419.1128927407326 2467.062698172141 129.2710485971733 195.35162050780264
212 3484.273954125629 2316.138928250256 8.951446035805413 293.9355270448832
212 3484.280386470588 104952.38011955589 8.938619828953877 204201.14259814649
212 3484.3315120460356 1038.288283203125 8.836343358365504 2076.1816898703346
212 3484.938954633316 2658.92703322387 7.62148389129011 200.17573271586934
