212 3401.5479101321557 2123.2687523632812 8.770219335329104 99.56056640625002
212 3400.0765331263133 2364.997277558594 2.8111430512152142 2.939483007812214
212 3400.7792864132243 2416.2814476757812 1.4641720366181525 89.84379863281265
212 3400.8290960808977 2369.8556763867186 1.4786669121807001 1.03515625
212 3401.5479833429767 2367.408459785156 2.9136459765291742 3.8964257812499454
212 3403.698773101337 2174.049104316406 4.46553440411312 2.0018937304689643
212 3401.533356997441 2416.7453343945313 0.10250292530100613 88.95509765625002
212 3402.990047034074 2370.3195435742186 2.8404245914647284 1.9629005859374047
212 3404.4615111570174 2462.155500214844 0.1024896163837016 1.9629005859374047
212 3405.148187584543 2371.335178535156 1.4787553470714037 0.06836855468782232
212 3405.250677200927 2416.242423828125 1.4787554788426394 89.78515705078098
212 3407.411716720765 2367.906535371094 2.8404244597064463 2.939365019531124
212 3408.173108082287 2369.8556763867186 1.4934402679503618 1.03515625
212 3476.1818922829907 2365.480675996094 134.6120204919176 3.906279492187423
212 3548.634307507017 2222.4182349804687 4.436354607570028 94.69722617187517
212 3623.3473971013796 1050.5392896679687 141.94724758714506 2053.6718845703126
