212 13.961200520833332 104953.85470969169 27.395924765914746 204194.3848340869
212 13.9677109375 2317.121311454309 27.4089725641568 92.83206991609404
212 13.9677109375 2613.0432152571216 27.4089725641568 94.69722656346721
212 13.980731770833332 2562.740520338088 27.435013189156802 5.810497366289383
212 13.993752604166666 23.64383010567668 27.4610420954068 5.8398050742084
212 13.993752604166666 2222.901623655491 27.4610420954068 91.8554196260443
212 1401.375316171875 1051.988528053938 2729.205702083623 2046.923798632803
212 1401.3883359375002 2708.737550903528 2729.1796614846644 94.63871171678693
212 1402.0003151041667 2368.8839965109596 2730.4035942971645 6.767617186513689
212 1401.4209140888315 2807.349855879163 2729.1666018229166 94.69722656347585
212 1402.6188179950814 2466.5735280471413 2729.1666018229166 6.81639629101528
212 1402.6513700784146 2171.114523657512 2729.2317191524085 5.878857225576212
212 2828.485953411748 2174.5480786350126 124.96101562500007 4.892597951151856
212 2828.4989742450816 2320.5871799045535 124.98704453124992 93.74995175584945
212 2829.078427251657 2660.431848270754 123.72402329550762 5.839872848623145
212 2829.7099376683236 2514.923098263909 124.98704453124992 93.73042998631763
212 2829.0719040745735 1048.0783616438212 123.65890584756441 2046.8554978486227
212 2829.10444339749 2855.2161057814774 123.67196548300792 4.941377055644352
212 2958.6226849221644 2465.069611349856 124.97398489554386 5.800752835917592
212 2958.6422161721644 2074.459250511985 125.01307343750038 5.7714452167679156
212 2958.655237005498 2804.919172097884 125.03910234375023 93.7207621054581
212 2958.6617474221644 2711.1340453391035 125.05216186074237 93.74996054491203
212 2958.6812531513315 2125.2160569582734 124.98704453124992 93.71090839353565
212 2958.7007844013315 2414.299026101809 125.02613295449191 93.7305568329889
212 3092.7632970433237 2318.6340352746506 125.02613319131463 93.73042998630899
212 3092.7632970433237 2516.3781855725124 125.02613319131463 94.74606474122038
212 3093.381786626657 2856.715129227786 126.26312563925785 5.869121483388881
212 3092.7958625260417 2220.4504028606175 124.96101562526322 94.68749969921873
212 3092.7815784117483 2615.0012622336158 124.90878877575172 94.6679101562404
212 3094.032854974248 25.62137931762893 124.96101562500007 5.869121394512597
212 3218.3870475641565 2706.799025606721 126.24998735800789 94.66803691502992
212 3218.406604973958 1050.0305297130888 126.21089869820632 2046.874960543056
212 3218.420836484665 2366.480725120403 126.18494843749977 5.888651953115641
212 3159.7998601825816 2512.926008618362 6.575442708043435 93.79879863281167
212 3159.806370599248 2172.59492473263 6.588502343750103 6.767617186522784
212 3159.812868255498 2808.863557349807 6.549413801793587 93.74016581550813
212 3288.74513324124 23.664259883029708 9.049427722301212 5.800820609355373
212 3289.3376073177083 2562.736526001174 7.8124351562498004 5.820351078203657
212 3289.3506281510417 2222.886965165256 7.838464062499649 93.68159198542071
212 3348.5758885677083 2316.6623366486447 126.28899713570657 93.71097616609404
212 3289.3897039325816 104953.85470969169 7.786406249999952 204194.3848340869
212 3289.4027247659146 2613.033469165325 7.8124351562498004 92.8612595663958
212 3289.9963573177083 0.236525390625 3.9193105589486854 0.0782135011838086
212 3290.0277120052083 207052.46218976786 3.906183996448817 0.9960452126106247
212 3481.453492734665 2368.8595724845827 126.2108985794918 6.816455275390581
212 3481.4416824599903 1051.5100315676004 123.78914062500007 2047.8027048828121
212 3482.0666696995736 2126.734650414348 124.98704453124992 94.6972265644531
212 3482.0666696995736 2511.4377077366034 124.98704453124992 94.70708027636738
212 3482.0719954808233 2708.722882932815 124.97390624999996 94.66802812499964
212 3482.0915267308233 2807.340099735608 125.01299490980152 94.71674833203087
212 3546.583687668324 1048.078332541282 6.497344389257705 2046.8750785146387
212 3547.234704335017 2320.5432441613893 5.169205586857667 93.70111357810538
212 3547.241214751684 2514.8986741496506 5.182265222564335 93.77926816307627
212 3547.241214751684 2855.2258714064774 5.182265222564335 4.960898736317631
212 3547.8401721614587 2218.9670239475126 3.98434947945619 93.73049775975505
212 3547.8401721614587 2660.431848270754 3.98434947945619 5.839872848623145
