212 12.917189453125 3184.1087442536054 25.439473457031248 153.83591552562112
212 1049.0500513867187 3403.698774410252 2048.8769630859374 288.44794919336755
212 2124.263909003906 3399.3004423503553 95.71286074218779 288.4919776046263
212 2127.6770240429687 1575.7499445435471 96.6210833789064 3083.557951240131
212 2224.3380982617186 3329.1087158436344 96.64066406250004 156.69103821522677
212 2367.907462890625 3544.2697993020097 8.740244355468803 291.25909224447986
212 2420.1437718945313 3331.277090220033 95.7519630859374 158.12592884468455
212 2515.3830883007813 1553.8026688451419 96.71875957031261 3106.9839677920504
212 2609.152541015625 1646.810091398627 100.56646525390624 3219.590000437731
212 2713.101828339844 3253.706109550809 97.64643613281214 292.82566559456745
212 104951.39774669922 1625.5596079433267 204199.19920917967 3250.380702494846
