212 10.964064453125 3550.140896086812 21.533261718749998 7.4524018974527495
212 11.442580078125 3184.1028004806035 22.49032248046875 142.13774538363194
212 12.424025390625 3769.703150988715 24.453164062499997 139.07764333222636
212 1053.9758131054687 21.52591800878477 2050.8202830078126 42.459780995962106
212 2121.339133027344 3477.682609115992 97.63665017578114 143.4993128844211
212 2120.881056640625 3695.0530342916727 96.67976642578105 10.190336607686362
212 2127.7014381054687 3768.312184665143 96.66992148437521 142.06451069106896
212 2217.9807154492187 3549.4176312229033 97.67582031250004 11.59595900582556
212 2222.408459785156 3184.826124201015 100.53708984374998 146.45674845381976
212 2322.4923851757812 3473.9696663561385 99.57036113281265 144.91943002632502
212 2412.848840058594 3626.268276322521 98.64260800781221 142.02048228112818
212 2415.270705878906 3766.875948359081 97.72466716796907 139.13610453592983
212 2513.425021484375 3179.732404433766 102.52936583984365 147.89172751683807
212 2515.3390748242186 3550.8583347338686 100.59572265625002 11.639823723324652
212 2707.760978515625 3629.1892859784657 100.67387716796884 144.84620864126057
212 2709.723889472656 3332.023723176021 102.50978515625002 144.8902635374086
212 104906.49539298828 3472.565493742638 204292.92963886718 144.8609953060771
212 104954.79707267578 1572.8789058935183 204196.2891015625 3074.626617127334
