212 1048.5754710158612 2317.1799534455395 2049.863222365255 92.7734570273924
212 2120.827385273714 2419.6642799094557 98.58402353707015 94.69725615132847
212 2123.2873562775803 2173.5910375275516 95.79098613187534 4.9121586845694765
212 2172.603791038332 2413.800090745384 8.779258593789564 96.6600674577412
212 2219.963088016858 2126.7257841027363 91.85554736328186 94.77541982819366
212 2221.9406660402665 2610.5920632102175 93.79884814847628 99.5995898408496
212 2223.3801491418385 2323.4436056926197 94.76558613286124 97.64645527243192
212 2223.390832350832 1051.0275410412326 92.85161191596717 2046.8360165029592
212 2269.25899680301 2222.8634790315355 6.855468259687768 95.70315448626025
212 2318.6193385011843 2322.5070437726586 95.6738278300686 97.58795898340804
212 2320.5441914348457 2607.6477177042993 93.70119159766637 97.61712870413112
212 2412.862590550989 2174.5334591056862 96.64056572558547 4.882832027392396
212 2416.705343970012 2511.9543678918385 98.62301816210947 95.62499942092745
212 2419.6701390900516 2607.629162821526 94.80474648537074 97.6757907187689
212 2514.4006471906464 2171.651652466037 104.52142519533254 194.31634765430726
212 2514.918234689661 2321.047131571526 103.50585010161103 102.55862274605488
212 2563.726798946536 2615.924114182884 7.783193953124737 98.64252861516525
212 2613.986593775617 2322.9944167239178 92.77345702640696 96.6893940458599
212 2711.1682247306862 2514.4299637004224 99.5995898408496 94.71675790134805
212 2712.183860274621 2414.294142698479 93.72069317190471 95.77148438087897
212 2803.927004318645 2174.5334591056862 95.72265606147494 4.882832027392396
212 2807.370373759026 2319.5910864533225 96.65039071974616 95.74215781257817
