212 12.922111328125 2468.0148954387137 25.3320703125 2.0215127644114546
212 24.136985282463698 2757.062736328125 4.912098701911301 5.800820312500036
212 23.160392578125 2370.347873046875 2.919902343750003 3.955058593749982
212 2075.3927754104025 2268.7951884074637 5.859453125000073 5.791004951911418
212 2122.3205985637137 2563.2248457229025 91.76756745191142 4.921905184561183
212 2123.7765946574636 2807.8917988479025 92.78323153418887 91.79687498022258
212 2221.911349609375 2511.955275390625 89.89263671875005 93.75007812500007
212 2268.3322871291525 2708.741466796875 4.921905184561183 90.78121093749996
212 2270.2365449416525 2467.502150390625 2.94921875 4.843789082277453
212 2319.5813212199637 2561.281466796875 91.7382510456614 3.0078515625000364
212 2464.103732421875 2267.814650390625 3.8867578125000364 3.906250019777417
212 2467.0569071574637 2759.0002470012137 3.876942451911418 3.876942451911418
212 2514.4357441604025 2857.6672587199637 94.72660156250004 3.8476260456614
212 2563.698439453125 2565.6603730666525 2.0020117187500546 3.955058593749982
212 2564.162306640625 2614.0207050979025 2.9297265822774534 92.76373044897264
212 2657.941603515625 2708.263869140625 2.9102343750000728 91.75788176683864
212 2662.364533203125 2562.2668876262137 3.8671093749999272 4.902274502938781
212 2709.6799540324637 2855.6945527541525 92.75390625 3.906249980222583
212 2806.4026102824637 2565.666212890625 92.72458984374998 3.8672567668386364
212 2810.778517578125 2220.9445918166525 95.65431642602744 95.6543163864726
212 2858.136916015625 2465.592052734375 4.86328125 2.919902343749982
212 104953.84498242187 2561.7893095012137 204194.34572265626 1.9921963581614364
