212 2125.256076171875 3845.67636689628 91.81642619140621 4.428050585014642
212 2172.0871216992186 3774.504695497423 3.935595898437441 137.8592672947797
212 2172.1164576367187 3701.95935795339 3.8769630859374047 7.228710564517053
212 2172.135949433594 3559.71736470128 3.857500390624864 4.354912170072433
212 2173.052991035156 3630.083904144094 3.8964257812499454 136.3197215542237
212 2174.030470703125 3850.7877019387724 3.9160742187500546 5.791818032228958
212 2174.093030097656 3553.858186101485 3.906220507812577 4.428063648210735
212 2174.5324437695313 3483.469636396279 2.9687404296873865 136.43687756296146
212 2175.031496308594 3777.466630969579 3.945322851562196 137.85926716281458
212 2175.0793773632813 3704.2261026792708 3.886698808593792 5.894546473620711
212 2175.518761933594 3413.119079941675 2.9687404296873865 4.266978741994215
212 2175.5343968945313 3409.4153406587566 2.900439648437441 2.9618337139886015
212 2219.971955878906 3699.0501654255313 91.77726482421895 4.516187398884953
212 2220.4357740429687 3406.4681554636995 90.84957947265639 2.932522438459038
212 2220.426066621094 3334.6866170384646 90.79093789062472 134.99989633579176
212 2220.460246308594 3628.6015726103265 90.85936542968739 136.3489441348969
212 2221.397737128906 3556.821455460721 90.80074138671898 4.457565244927024
212 2221.4084107617186 3265.823010006264 90.78127869140644 2.932433876759971
212 2221.921096503906 3482.0633906498574 91.76765585937528 136.3197215543261
212 2221.944621308594 3411.704138890415 91.75773437499993 4.398841202257698
212 2221.4328638867187 3263.5722465120266 88.95509765625002 1.5688567493995789
212 2221.8957836132813 3261.3508388948276 89.86326130859379 2.8739002858209384
212 2222.414299628906 3848.5869394857223 90.87895488281265 7.257946473533353
212 2222.891837890625 3774.563375847804 91.79683673828094 137.88857843702363
212 2221.9202076367187 3258.4402973947977 89.81442322265639 2.917829184721243
212 2222.438732421875 3408.0150774505173 90.83010802734361 2.9764514692227393
212 2222.931896484375 3702.7437567745637 91.81642619140621 5.865044878225615
212 2221.959230683594 3256.937247548757 89.83393613281214 2.9032246232254
212 2222.427980683594 3188.05308346518 90.77147519531218 134.8095001539296
212 2267.7755982617186 3697.5458240795933 3.906279492187423 4.384121554251624
212 2266.8322679882813 3403.5648567803705 2.00195271484381 2.99115791944227
212 2266.846965058594 3119.8932582525545 1.953105859374773 1.5396343035489606
212 2267.8088404492187 3626.476910446118 3.8573824218751724 137.72731627413492
212 2266.857638671875 3118.4036246645783 1.933643183593631 1.4662036759679171
212 2314.689690253906 1578.0956198331849 97.57814414062523 3079.1495453006455
212 2267.349816621094 3334.6293580956776 2.8808501953121777 134.9414379793995
212 2267.3313209179687 3265.047290361089 2.8418068359374047 1.4956167082553538
212 2268.287365234375 3555.3757956396225 2.919902343749982 4.413357329970673
212 2268.306886933594 3262.8537139651057 2.919902343749982 3.0058643696344896
212 2268.297150390625 3260.6337427086255 2.8808502148435764 1.4957184677423303
212 2268.341994941406 3258.4402973947977 2.9296970703126135 2.917829184721243
212 2268.791233222656 3481.2789774564253 2.0117474609378405 134.98536701026492
212 2268.780558808594 3256.1909419783756 1.9921579882811784 1.5249410484018913
212 2269.2698070507813 3411.6161910927303 2.9296970703126135 4.340205718533756
212 2269.289269746094 3407.9636836103696 2.929697050781215 2.932522438446748
212 2269.2785865429687 3119.8932582525545 2.91010761718735 1.5396343035489606
212 2269.797111328125 3852.2086258463814 3.925801191406208 2.9471404589309773
212 2270.269767578125 3845.647056927085 4.8730082226561535 4.486686067405782
212 2268.829328339844 3118.396293286279 1.953105859374773 1.4515104208208478
212 2269.7384984570313 3336.842070859578 1.9726953125000364 136.3195312317301
212 2269.772726777344 3265.0253117701936 1.9629005859374047 1.5689586435937626
212 2270.2404615429687 3334.6146953390794 2.880858984375209 134.912038274136
212 2270.7394849804687 3706.3889041381417 3.8769630859374047 4.501480948679761
212 2270.7736937695313 3700.5297403582003 3.9258011718748094 4.428063781495695
212 2270.2610179882813 3262.0766758448867 2.8418068359374047 4.296099563064382
212 2270.7629711132813 3630.0971006250325 3.8476466796873865 136.34894413346169
212 2270.753156464844 3257.7291232026437 1.9726275390621595 1.5248391569497834
212 2271.2366138867187 3558.3243878713088 2.9393650390625226 4.354912170161878
212 2271.266847871094 3413.8668953493584 2.939483007812214 2.9766419236807704
212 2271.266847871094 3483.5575104534632 2.939483007812214 136.34894413488325
212 2271.725832246094 3554.592745789211 3.857441406250018 3.0205576261143605
212 2270.7882935742186 3189.5326872730247 1.9629005859374047 134.83862097369428
212 2271.2512133007813 3120.567745056074 2.871064257812577 2.888695299135155
212 2271.720901191406 3410.8889339094458 2.0313281250000728 3.0058643723765655
212 2271.680929902344 3118.4109560428774 1.953105859374773 1.4809101261737923
212 2272.218957246094 3405.0985372862206 2.8906449218748094 2.9766419223609417
212 2272.209220703125 3402.818478774491 2.8516015625000364 1.5250294781365101
212 2272.6672779492187 3264.3214845004295 1.9725685546873137 2.947229020527627
212 2272.6721607617187 3259.8992267158396 1.9823632812499454 2.8738115895163987
212 2272.6721607617187 3267.949006189519 1.9823632812499454 1.5835632009389387
212 2272.6926000195313 3262.8038605926718 1.982490039062668 2.9033130542675574
212 2272.736525390625 3256.1689478434782 1.9531648632810175 1.4810120176252175
212 2273.1848461132813 3188.04432950625 1.0350972460937555 134.76538080057128
212 2273.185754121094 3257.7143730575103 0.9961718750000728 1.5542520586813628
212 2273.209241035156 3120.5604136777747 1.0058398437499818 2.87398884892928
