212 2367.4240943554687 1463.2242745054712 193.3007908203126 2865.8723559896102
212 13.410353515625 2833.6540139704066 26.425859374999998 137.9296084517579
212 1181.857619140625 3155.2698601825814 2363.320352363281 773.5026429687501
212 2463.609651191406 3092.15131839749 393.54484335937514 649.7656506392583
212 2755.134026191406 1467.742542474248 193.38868105468782 2861.9140236979165
212 2712.6632836132812 3218.419626210017 98.66219746093748 131.5754683475643
212 2803.962150390625 2836.928713828415 99.59960978515619 131.4843101562498
212 104904.01980744141 3350.595381015888 204297.88081035158 382.79953072919307
212 2856.188693359375 3087.5146773700817 6.806660156250018 132.78642005179304
212 104954.31368419922 3025.7243133072916 204197.29494140626 259.1275652464483
