212 3351.91045902249 2803.913371308594 127.53912798300796 99.59960976562479
212 1395.5355239846647 2219.4445922070313 2730.5207812497106 94.74606425781258
212 2765.91957308499 2713.1213304882813 10.377578124999976 97.70507771484381
212 2827.8141442971646 2810.260001953125 126.3280856767936 98.64254904296877
212 2769.174834543324 2613.062756660156 6.575454545507455 94.69722617187517
212 2831.7399505471644 2512.950412910156 128.94528645830664 99.55078044921902
212 2831.03683870999 2221.412365234375 125.06505272230122 94.67769572265615
212 2959.96911761624 2512.453341796875 124.90878892050812 94.68754943359363
212 3025.0732195572914 2368.395725410156 7.8775643232062675 7.744199218750055
212 3024.429977630471 2515.391867402344 6.536523058685513 94.76558593749996
212 3028.32849261624 2515.3772193554687 1.3150908854434722 92.84172871093733
212 3091.4730111058234 2517.310803535156 127.55201860800783 96.66992148437521
212 3219.0511096614587 2514.879143378906 124.9999351562498 95.693339042969
212 3220.9781807554978 2414.293185546875 126.27602774618572 95.67380859374998
212 3221.661813710017 2218.9807250195313 125.09109334756431 93.81831990234377
212 3226.233362005471 2269.777570527344 126.18494843723722 5.918018164062232
212 3349.2477375263315 2516.339123847656 124.9479559892934 94.72654257812519
212 3417.6318914322915 2563.7180492382813 11.822903906249849 187.4902347656248
212 3418.3036755471644 2660.875276191406 7.825585156250479 6.826122851562559
212 3480.769833501657 2415.251174628906 130.23433671875014 97.68555605468782
212 3483.362294297138 2173.1017797070313 127.60416666669335 7.763661914062595
