212 15.914325520833332 2562.7355687695313 31.302097161721377 7.851543359374773
212 18.551044270833334 2613.995402558594 36.575598984664744 96.67964843749996
212 1381.7997421875 2220.969035371094 2763.0729304950814 101.6015625
212 1446.8778671875 1096.4474728710939 2893.229259022517 2147.441484375
212 32.24898752633141 2805.387922089844 6.523463423242053 94.75591796875005
212 1396.1161750260417 2465.557843964844 2729.1537111979164 8.769501738281178
212 1396.8323595433503 2713.111604316406 2727.7995318892313 95.67380859374998
212 1402.052424907907 2707.3107935742187 2727.903580587175 95.71286072265639
212 1403.973023984375 2412.370353515625 2731.6666272256152 97.6660256054688
212 2768.570602109375 2613.5217506054687 7.760455871448357 95.6542869140626
212 2769.215120078415 2810.274679902344 6.419336079491889 94.68749042968739
212 2832.970380376657 2270.240470703125 126.32808579550753 186.49412189453096
212 2832.346696380498 2805.9142896679687 122.42191328124984 95.67380859374998
212 2833.6409534117483 2563.229690253906 124.90878877575172 8.759774804687822
212 2896.8180760679984 2758.009962890625 6.471315364293332 7.8125590039062445
212 2959.31928714749 2510.5041529492187 123.78914062500007 96.70896484374998
212 2961.226826470407 2124.7571216992187 127.55218749999949 98.69132812499993
212 2961.2919828385416 2708.721945527344 122.42191316314226 94.78510761718735
212 2964.5198723958333 2810.3284008007813 123.645755755498 94.69722615234377
212 3025.7112791927084 2614.508986328125 4.023359374999927 95.65434591796884
212 3027.6774383075813 2413.801018378906 7.825494673241944 96.73828125
212 3092.7360324599904 2614.499308808594 135.41661365980144 97.68554726562479
212 3028.9665140888314 2806.392834785156 5.169205468750079 94.71674785156256
212 3092.105745078125 1035.851759765625 128.8152088544563 2071.3086527539062
212 3093.43390980374 2757.575402558594 123.63287682294383 6.845771269531269
212 3156.5576199599905 2315.635998847656 7.877552604193018 97.6562396484378
212 3159.799846380498 2708.721945527344 6.471315364293939 94.78510761718735
212 3159.1825556370736 2854.7238304882812 5.1823437499994425 5.869180078124828
212 3219.10324495999 2511.470949433594 124.947865625 96.70896484374998
212 3224.9052508072914 2806.392834785156 123.63287682320636 94.71674785156256
212 3224.9247820572914 2614.533400390625 123.67195352769886 95.70318400390624
212 3287.4495476825546 2126.6720922070313 9.166614464935265 98.65234375
212 3289.4027247659146 2414.7815062695313 7.8124351562498004 96.70896484374998
212 3288.133180755498 104953.40060742188 5.221274999999878 204195.3320998242
212 3289.4027251683237 2758.0881763867187 5.286392447943096 7.8125
212 3350.561566171875 2608.170168183594 124.97390624999996 96.63081033203116
212 3353.199482317998 2854.7482445507812 122.46098998574173 5.918026933593865
212 3414.9898729429983 2708.765862128906 6.484453645543302 94.75585898437521
212 3478.8623336200817 2316.6379420117187 126.2629563919915 97.68555603515642
212 3419.5719562763315 2806.881125214844 5.286380610742223 93.79878945312475
212 3420.222997942998 2512.4231177929687 6.588502343750103 96.66012675781258
212 3480.769872942998 1036.8420531445313 127.68225326699212 2073.29095703125
212 3544.5927506891567 2758.5226685742186 5.247461316051461 6.845771289062668
212 3546.571917474248 104954.83030529297 6.445364985742344 204196.20115234374
212 3548.5042483454067 2416.221955878906 2.656210795508135 97.63671794921902
