212 24.16629181640625 3650.8440305637346 1.0253702929687485 138.6726098893805
212 1050.5188009960937 3133.903086467968 2043.9843654296876 7.359837165088626
212 2073.0090552929687 3279.1685290962128 2.91010761718735 5.914453973481295
212 2075.446496308594 3504.0003287968916 1.8848050781248276 140.1475663700884
212 2078.346877753906 3726.7570397128056 1.9238572265626317 4.454188349557859
212 2123.8108131054687 3647.8867298293403 88.88673789062523 138.65790575958655
212 2172.594962890625 1582.2437055004023 2.9980568554688034 3089.970487312699
212 2174.0891234570313 3353.5947529885293 1.9629005859374047 137.24191755466066
212 2175.5002271679687 3724.5608438351355 0.9765911914064418 5.870265638703002
212 2267.325451171875 3501.8174078483817 0.9960451367187488 138.73157803252255
212 2269.2931959179687 3577.04602171577 0.9863181640625953 5.885058855383099
212 2270.2756078320313 3799.000313156641 0.9765824218748094 137.1091746446027
212 2272.179914277344 3719.38380962723 0.9961041015621959 4.513348072213684
212 2272.2385084179687 3799.0653140445907 0.9765911914064418 137.09439483623893
212 2274.1907054882813 3798.2924080077028 0.9765234374999636 135.7817544233635
212 2365.480666816406 3352.864649444385 1.9726953125000364 138.58414440109067
212 2365.0217310742187 3797.524015967968 0.9765911914064418 137.13858303827493
212 2366.949435546875 3432.5401215711545 0.9863093945309629 5.9588203480533135
212 2367.8976781445313 3726.8234397171273 0.9863771484374411 4.439395132787789
212 2368.4045531445313 3578.5343258529083 1.8847460937499818 5.796415327404623
212 2369.894758027344 1582.2451364738527 2.9492777343748457 3090.000073743393
212 2369.869406464844 3504.04456154605 1.0253615234373683 137.25671090417512
212 2371.340109589844 3722.3410363218763 1.8945408007812148 4.380605160841131
212 2461.695587890625 3648.5933068263903 0.9667877148435764 137.09438156190254
212 2462.1643187695313 3866.1744140476 0.06830078124994543 2.935043800899012
212 2466.0373461132813 3280.5549748204903 1.9726953125000364 5.884880817021384
212 2466.5685961132813 3573.3794289472153 0.9667964648438101 4.483774781785494
212 2513.425001953125 3136.026876149369 90.79106466796884 5.973422117964681
212 2468.9963404492187 3428.866169217246 1.8945408203126135 4.395220206416512
212 2514.893771484375 3428.0845016626295 89.84373087890617 3.00880516072183
212 2560.338166816406 3729.6787646389716 0.9863181640625953 1.5339378982000766
212 2561.275675996094 3427.3396205372305 0.9667876953121777 4.468981564912401
212 2562.252229316406 3729.7230274723934 0.9862591796877496 1.4749697551480152
212 2562.736525390625 3728.240726579989 0.07821349609366735 4.292050454248386
212 2564.1662328320313 3427.3469801212573 0.9863181640625953 7.286062396858794
212 2566.187736328125 3796.8026734900923 0.9667877148435764 135.63421843204907
212 2612.033440253906 3727.481124379458 88.86721621093784 2.920442030870886
212 2658.439650390625 3502.57563794288 0.07821349609366735 137.24182846901147
212 2658.956311347656 3728.9988832215963 0.9765234374999636 2.9203529439977807
212 2659.4250904492187 3427.406021124311 1.894481816406369 7.374617106119819
212 2660.3967601757813 3727.4871276228505 1.8651566406247184 2.9940119439380237
212 2661.8479125195313 3728.240726579989 0.9961128710938283 4.292050454248386
212 2754.664319160156 3576.3233807112715 0.9863181640625953 4.528038795044299
212 2759.000246308594 3427.346965074118 1.9237894531247548 7.433598390842203
212 2807.3459107617186 3647.8277472333657 88.86721619140644 138.5988352552213
212 2859.097932441406 3652.2363748145312 1.0058398437499818 138.59874616966138
212 104956.30005138672 3357.2967740725703 204191.4257613281 141.5487746313423
