212 2123.7853732638987 3104.911375189912 98.70116249801777 130.65367347058822
212 2124.7384982638987 2972.2709052656237 100.60553750098643 132.01308444325502
212 2217.9944259025415 3236.916670487873 97.6268944375197 128.1568362092283
212 2223.4055098918875 2840.8970619911925 100.63477557711849 135.96074470721635
212 2315.676008028528 3361.7741336251274 95.68361347854488 129.37264078690188
212 2416.2756761018286 1470.9310877506305 99.61905273240245 2870.5098171189807
212 2416.2960963097876 3365.676121076186 95.69343750296866 129.35950248618337
212 2517.341037813743 3364.395140941454 96.66995098042935 129.4117776510196
212 2612.5500607707445 2845.4264734970875 101.5234278232615 134.71894156858934
212 2616.4465161399053 3240.1715976735845 97.71483378608355 129.38558196464092
212 2711.2072970978734 3168.944081733703 99.61913076078099 10.509881832627153
212 2711.6770236603734 2979.395049576853 100.55666025395522 130.73205176202543
