212 11.432814453125 3341.7272863762596 22.470733027343748 151.2334371497786
212 12.443595703125 3785.1854219108413 24.37500080078125 148.2818798941701
212 1048.556837890625 3628.8858623027936 2045.859375800781 149.75035212491878
212 2076.8723070507813 3639.12818227062 4.892597656250018 149.70625667399474
212 2170.612531464844 3560.559827637713 4.892597656250018 283.4654770983108
212 2219.997345703125 3335.1339973865524 91.78710978515619 149.85314273857546
212 2269.283459785156 3631.022455684644 4.951112480468964 151.29215874016168
212 2318.575431640625 1580.3763465892696 91.75779337890617 3083.59763581931
212 2318.5959107617186 3779.3791526008854 89.92195312500007 136.66678400590288
212 2369.904514472656 3487.8726611163033 4.863349023437877 149.89713628051416
212 2464.136955878906 3490.8388581913105 3.9355369140625953 149.691541841307
212 2560.758068359375 3191.9636164805916 3.9160064648435764 151.2041848721434
212 2613.068576972656 3491.5892252985054 92.75397402343788 151.18945682368607
212 2708.721955878906 3484.951868460018 92.79289062499993 149.86787078844344
212 2807.330334785156 1578.1751433572583 92.76364199218779 3085.095462107151
212 2809.317668183594 3562.0664357228516 92.71479511718735 283.36277517919234
