212 30.93256851591475 2319.562726777344 3.841145312499999 89.86332031250004
212 34.85966449124013 2172.643752753906 3.880233946259864 2.939491796875245
212 2763.979534282907 2462.634025390625 3.867083854193576 2.9590047070309993
212 2764.611044297138 2176.0275709179687 2.5519929684869567 2.031269140625227
212 2766.616227630498 1050.9885275585937 3.9322130205437134 2044.9219044921877
212 2892.8805759495735 2468.995402558594 1.3541795455075771 1.913994726562123
212 2896.135772043324 2369.3616039257813 2.526054545507577 1.9823632812499454
212 2962.5094036721644 2071.525636933594 119.77867187500003 1.8945408007812148
212 3026.394911744792 2514.362511933594 2.604062499999903 90.81058632812483
212 3030.906604335017 26.56954357421875 3.8410550663144627 1.9629005859375006
212 3158.5381407933237 2513.927951171875 3.8151046874997214 91.73833068359363
212 3287.4508625263315 2078.385959785156 1.354179426793659 1.9433789062500182
212 3290.0354845433235 2073.503186347656 3.893281889257802 3.857441406250018
212 3289.4105234375 2318.630119941406 2.617200807291738 89.83400390625002
212 3351.832307578415 2462.159435546875 119.77867187500003 1.9531058789061717
212 3420.8623600641567 2319.113527558594 2.552083451758032 88.90625955078121
212 3422.143583501657 2175.5685961132813 2.6171222275097534 2.9101753710938283
