212 1050.085216796875 3484.2455838770234 2044.9121097851562 142.3788402407627
212 2125.221876953125 3343.2852457081976 91.80669921875005 139.45673963728274
212 2219.9718873242186 3559.847712810959 91.73827167968739 8.766417333259277
212 2222.941652558594 3194.8637628781203 91.79690449218742 142.43765051877017
212 2366.4425904492186 1580.3777715481233 3.935595898437441 3077.929544792922
212 2365.983616035156 3633.9739827139533 2.9199701171878587 139.4272835418943
212 2415.289299628906 3340.244100918169 91.74800742187517 139.4860049970913
212 2463.116487128906 3558.3718681692394 3.847655449219019 8.781145380279966
212 2465.587170722656 3705.919578443777 2.9491597656251543 7.400851105712491
212 2513.893820527344 3194.201588882941 91.7675880859374 141.0571525609538
212 2560.772726777344 3416.6112364170335 3.8476466796873865 7.371572427654012
212 2562.2375609570313 3631.0296805085054 2.91010761718735 139.50071982815095
212 2658.458215058594 3338.8284912264785 3.8476466796873865 139.53017592221764
212 2658.961212890625 3490.11935715601 2.9589457226561535 139.52998532011773
212 2756.602737128906 3413.7625443895035 2.968749199219019 7.312775465536715
