212 3712.841220308108 2223.395715058594 151.68169624176068 96.65045876953127
212 40.872766859238624 2561.280539277344 2.942852400945647 1.035088476562123
212 42.366775108532615 2559.821554902344 3.0179427972675663 1.9433789062500182
212 3185.7991477887126 2561.270783203125 1.531561108078114 1.0546101757809083
212 3188.1039527436674 2559.831320527344 2.9580028528528004 1.9629005859374047
212 3262.389267754102 2416.7639086132813 142.58250705402432 92.76363320312475
212 3193.31423742532 2513.932873046875 4.399400156095496 89.87304728515619
212 3266.1055290153636 2468.029513671875 138.21310856605197 2.011738691406208
212 3340.446324817196 2464.635939453125 4.609625363393125 2.9394830273436128
212 3486.8501841159796 2416.7453443554687 6.066095804864843 92.68560546875005
212 3639.28859282625 2270.226798828125 10.585584391891542 6.855498261718822
212 3637.751100183608 2559.8313109570313 1.5915917417407874 1.9238572265626317
212 3646.0379462871056 2559.8313109570313 2.9728677177182243 1.9238572265626317
212 3787.1429910319557 2514.381115234375 3.048048939879609 90.77147521484358
212 3865.2196284084084 2513.942629121094 138.18309324812677 89.8535255859374
