212 2076.886027558594 3036.8983822538717 1.0155667968747366 2.627464320314622
212 2077.8879224804687 3038.2709312787747 0.9863771484374411 2.601333457463439
212 2124.2258131054687 3040.85127179382 89.83400390625002 2.6143652365615995
212 2168.674083984375 3036.23817362518 0.9961041210935946 1.359489939829298
212 2169.181906464844 3043.465728793821 1.9140625 2.666627315031304
212 2170.1438209179687 3038.236943825206 1.9433789062500182 2.7188892771240347
212 2171.1056763867186 3104.256564734984 1.9726953125000364 119.0195688941169
212 2171.6174633007813 3040.7924738840156 2.8612695312499454 2.6012543856215
212 2172.1008716992187 3297.733611405572 1.9725685546873137 3.8562087541951318
212 2172.1164476757813 3035.635662775428 1.9043355273438465 2.5620007895809764
212 2173.0832836132813 3234.362408401689 1.9629005859374047 120.2745232626674
212 2173.116467597656 3043.4538861793885 1.9531146484378041 2.692849014431019
212 2173.1077076367187 3302.9375843480298 1.9140625 3.8039350262088276
212 2173.5715062695313 3037.578120295794 1.0449509765626317 1.39872012410459
212 2174.1028148632813 3171.531009579441 1.9335841796873865 2.5882226078162347
212 2175.064699433594 3104.865637153231 1.9433111328121413 120.28763399477256
212 2175.085236328125 3040.204291400291 1.9629006054688034 3.8562086353601974
212 2175.534377753906 3167.6173230329705 1.064540429687895 2.627464320326796
212 2176.0070631054687 3365.6552192460153 1.9921580078125771 121.52939843929562
212 2176.0119459179687 3297.7479904905395 2.001952734375209 3.882430453594847
212 2175.9924437695313 3035.591114276186 1.9433199023437737 2.6014122940922535
212 2220.9347875195313 3234.3219111454673 89.87311503906267 120.30057528890194
212 2220.964065253906 3037.584578334945 89.85353435546904 3.817045875868206
212 2220.9641234570313 3042.818656635571 89.81448222656263 3.856208753007543
212 2221.9357445507812 3171.537598336278 89.86332031250004 2.6797381659598374
212 2222.398693359375 3428.4407874788008 90.75189453124995 3.83015660913722
212 2266.8137133007813 3040.1846563663557 1.9629005859374047 3.8430860221830314
212 2266.8185961132813 3302.9167221244734 1.9726953125000364 3.84309790335973
212 2266.866427734375 3103.648735452618 1.9531058789061717 120.26142406009102
212 2266.871330878906 3166.983283697088 1.9433199218751724 3.8693078392294837
212 2266.8762427929687 3034.9559375427616 1.9335251953125407 3.8430977857123843
212 2267.8000023632812 3297.694500293192 1.982490039062668 3.8823397345895714
212 2268.776584785156 3432.361153502278 1.982490039062668 3.8822490156999505
212 2268.8000804882813 3365.6761214682515 1.9921580078125771 121.51637842747644
212 2268.7912133007812 3234.3231404264484 1.8945408203126135 120.35300692418298
212 2268.819562714844 3042.1728916669567 1.9335841796873865 2.692837249713469
212 2269.2795045117186 3036.9506170264476 1.0156345703126135 2.653674373843287
212 2269.7521898632813 3170.903585263114 1.9433199023437737 3.843097904535753
212 2270.753186347656 3302.9179903597937 1.9921580078125771 3.869319602654748
212 2270.7385670117187 3166.3820036983434 1.9433199218751724 2.640575287620738
212 2270.7687914257813 3039.5506831754938 1.9043355273438465 2.6797381659598374
212 2271.221945527344 3103.6237937519636 1.035088476562123 120.28763399478413
212 2271.2326490429687 3495.7284082734805 1.03515625 120.23537214905863
212 2271.217970703125 3034.9362516722395 0.9863771679688398 3.8562087541951318
212 2271.706251953125 3428.421232446056 1.9629006054688034 3.869319485018967
212 2271.7444164257813 3297.6879643454795 1.9823632812499454 3.869228884941758
212 2272.691681640625 3234.302317157219 1.94331115234354 120.36594810065344
212 2272.7170240429687 3036.931061992434 1.9336519531252634 2.69283725099419
212 2273.195519746094 3042.1858989872712 1.0156345507812148 2.6405752889020673
212 2273.659386933594 3170.297010361167 1.9433789062500182 2.6536861385492716
212 2318.092053535156 3432.354578599062 90.77148398437521 3.895359866628484
212 2274.176955878906 3166.348042389834 1.0449509765626317 2.6797381647838145
212 2318.619425996094 3366.9310095741466 89.87298828124995 121.56864038956857
212 2318.615471503906 3103.5963955819643 89.8046875 120.3136860210065
212 2318.629143378906 3034.3035975532844 89.83394492187517 2.692837250993581
212 2318.634026191406 3039.512708534918 89.8437396484378 2.653674373843287
212 2319.5382836132812 3495.0944869637556 89.83406289062486 121.45099385091487
212 2319.592043183594 3302.9048795088534 89.86332031250004 3.8693196039470337
212 2364.508039277344 3036.9166829074666 1.9042677734373683 2.666627315124436
212 2364.981721503906 3042.1466699663697 1.0546189453125407 2.6928490156076506
212 2365.475851777344 3428.414669307546 1.9629005859374047 3.8824185712415167
212 2366.441682441406 3034.336290745401 1.9042765429690007 2.627464320314622
212 2366.9494263867186 3432.3349707559246 2.880858984375209 3.8562087541835663
212 2366.4816820507813 3038.8840159833626 1.9238572265626317 3.8823397358818577
212 2367.414259765625 3044.1205785885004 1.9726953125000364 1.3594899386526664
212 2368.444533203125 3302.884029051284 1.9629006054688034 3.908470715111231
212 2368.439670722656 3036.276185651245 1.9336519531252634 3.8430860210063993
212 2369.3420726757813 3041.5192317951405 1.9433199023437737 3.8431768587193895
212 2369.3528148632813 3297.6761334957423 1.9629005859374047 3.895438819646446
212 2369.376212890625 3365.0225651258725 1.9531058789061717 120.36602693847045
212 2370.323508027344 3233.6421341493106 1.9335841796873865 121.55552953864064
212 2370.339084785156 3034.2708788604873 1.9043355468752452 2.653686138561446
212 2370.3576685742187 3170.2577813401604 1.9237982226563872 2.705959865359553
212 2370.8410961132813 3428.4002902225784 2.871064257812577 3.85619687184241
212 2370.846936347656 3038.8577942839634 1.0449509765626317 3.8823397346936606
212 2371.3107640820313 3165.687898334983 1.9140625 3.843097904535753
212 2371.354690253906 3102.9689711480823 1.9238572265626317 121.56856143528084
212 2417.198488496094 3302.2696499663166 89.84373085937477 2.6797264000656558
212 2416.744416015625 3036.2696107492975 88.91598654296877 3.8561968706663867
212 2417.2287718945313 3041.5062127101082 89.8046875 3.895450584353039
212 2417.262912109375 3297.027820291794 89.814473457031 2.679738047124903
212 2462.1155006054687 3233.604199507519 1.9433199218751724 121.55562025752965
212 2462.175050996094 3169.6291149336766 1.9433789062500182 3.8562087541957406
212 2462.6486646679687 3165.7010091859115 1.0547457031252634 3.843086138549048
212 2462.6486646679687 3365.0147609428404 1.0547457031252634 120.32678510713653
212 2463.106730683594 3038.256487094421 1.933525175781142 2.6797381647716403
212 2463.605695527344 3102.93629140952 1.03515625 121.50326757772454
212 2465.118440253906 3041.4460686552575 1.9531146484378041 3.908470598640517
212 2466.041233222656 3296.4081991140292 1.9042765429690007 3.9215814471116985
212 2466.0754420117187 3233.604199507519 1.9531146289064054 121.55562025752965
212 2466.100793183594 3302.283937286657 1.943437890624864 2.653674373843287
212 2466.999259765625 3169.616068657859 1.9629006054688034 3.9345227425102314
212 2467.003156464844 3165.0747874853237 1.9335841796873865 2.6405752887973697
212 2467.9846216992187 3102.8905264408013 1.9433199218751724 121.54243045369881
212 2513.9269750195313 3296.4003559767743 89.84373085937477 3.9084705974638854
212 2513.936769746094 3173.5519375454146 89.84373085937477 3.9085495516475217
212 2513.941681640625 3169.602996762434 89.83393615234354 3.9084707162878627
212 2514.4113890820313 3165.642212320552 88.93557597656263 3.882339734705835
